#calibration of amp3 - 383MHz input
#input output
1.0    1.71
0.8    1.57
0.6    1.32
0.4    0.93
0.2    0.480
0      0
0.95   1.65
0.75   1.49
0.55   1.20
0.35   0.776
0.15   0.340
-0.05   -0.120
0.9    1.62
0.7	1.39
0.5	1.08
0.3	0.672
0.1	0.228
-0.1	-.236
0.85	1.55
0.65	1.34
0.45	0.988
0.25	0.566
0.05	0.116
-0.15	-0.344
-0.2	-.464
-0.4	-.900
-0.6	-1.26
-0.8	-1.49
-1	-1.56
-0.95	-1.544
-0.75	-1.44
-0.55	-1.18
-0.35	-0.772
-0.9	-1.48
-0.7	-1.38
-0.5	-1.08
-0.3	-0.672
-0.85	-1.472
-0.65	-1.32
-0.45	-0.988
-0.25	-0.560
