0 0.000000
1 0.659689
2 1.308375
3 1.945339
4 2.633656
5 3.319081
6 3.995859
7 4.664541
8 5.370842
9 6.110241
10 6.823247
11 7.516124
12 8.210546
13 8.924526
14 9.610989
15 10.290539
16 10.965248
17 11.683267
18 12.461170
19 13.250720
20 13.976760
21 14.771309
22 15.567245
23 16.357628
24 17.147264
25 17.961584
26 18.823599
27 19.691595
28 20.608990
29 21.520281
30 22.444372
31 23.390776
32 24.323513
33 25.352833
34 26.422865
35 27.432720
36 28.564640
37 29.670885
38 30.810011
39 32.156273
40 33.405022
41 34.805752
42 36.370041
43 37.947784
44 39.794064
45 41.833179
46 44.129616
47 46.135056
48 48.613907
49 50.733505
50 52.498619
51 54.305679
52 55.973900
53 57.614052
54 59.096268
55 60.258221
56 61.567986
57 62.757969
58 63.910362
59 64.951698
60 66.028618
61 67.079781
62 67.983871
63 69.073273
64 69.874435
65 70.834755
66 71.738106
67 72.569984
68 73.407921
69 74.237511
70 74.979996
71 75.859451
72 76.668114
73 77.424782
74 78.170250
75 78.975296
76 79.761177
77 80.526932
78 81.251076
79 81.920143
80 82.639465
81 83.364075
82 84.087532
83 84.813461
84 85.573769
85 86.310463
86 87.003723
87 87.758659
88 88.481369
89 89.181763
90 89.862480
91 90.572517
92 91.288849
93 92.003723
94 92.756393
95 93.494156
96 94.224510
97 94.954277
98 95.685822
99 96.462982
100 97.235039
101 97.930107
102 98.684982
103 99.419350
104 100.140556
105 100.887726
106 101.713058
107 102.538574
108 103.349342
109 104.151398
110 104.958603
111 105.853416
112 106.658310
113 107.487968
114 108.378410
115 109.290993
116 110.173965
117 111.100945
118 112.142853
119 113.033798
120 114.029335
121 115.077507
122 116.168648
123 117.300484
124 118.458778
125 119.687775
126 120.867188
127 122.271492
128 123.649673
129 125.227180
130 126.933060
131 128.706619
132 130.726135
133 132.980896
134 135.157852
135 137.470657
136 139.577301
137 141.663574
138 143.375412
139 144.959991
140 146.594208
141 148.060486
142 149.446899
143 150.825302
144 151.944519
145 153.116638
146 154.203629
147 155.290054
148 156.313431
149 157.272308
150 158.229416
151 159.190842
152 160.066101
153 160.969284
154 161.830902
155 162.620377
156 163.436188
157 164.263840
158 165.032837
159 165.792572
160 166.572083
161 167.362030
162 168.134628
163 168.821396
164 169.556137
165 170.278091
166 170.957260
167 171.653381
168 172.344391
169 173.028870
170 173.704926
171 174.360458
172 175.000137
173 175.767471
174 176.475708
175 177.147720
176 177.784821
177 178.445908
178 179.114594
179 179.761780
180 180.436523
181 181.119797
182 181.769836
183 182.431580
184 183.097351
185 183.749451
186 184.441483
187 185.147842
188 185.816879
189 186.505646
190 187.215683
191 187.959610
192 188.601349
193 189.300125
194 190.093079
195 190.809113
196 191.496597
197 192.193268
198 192.946716
199 193.686111
200 194.449539
201 195.242737
202 196.055008
203 196.775803
204 197.551620
205 198.377716
206 199.213013
207 199.987122
208 200.992889
209 201.849762
210 202.684494
211 203.601135
212 204.600601
213 205.680664
214 206.703430
215 207.752243
216 208.803543
217 209.913483
218 211.068665
219 212.392288
220 213.681732
221 215.028732
222 216.482834
223 218.063629
224 219.644577
225 221.546707
226 223.549347
227 225.516464
228 227.788193
229 229.883255
230 231.716858
231 233.477905
232 235.120544
233 236.465637
234 237.989624
235 239.269775
236 240.579453
237 241.739685
238 242.777603
239 243.931549
240 245.040543
241 245.989929
242 246.942307
243 247.995850
244 248.925583
245 249.757584
246 250.686630
247 251.576508
248 252.415543
249 253.274902
250 254.153915
251 254.839340
252 255.622742
253 256.447449
254 257.242584
255 257.960510
256 258.723511
257 259.487366
258 260.254730
259 261.026337
260 261.679749
261 262.368591
262 263.088196
263 263.785095
264 264.508514
265 265.266510
266 266.063141
267 266.783478
268 267.446472
269 268.109070
270 268.929993
271 269.604034
272 270.287231
273 271.005066
274 271.779053
275 272.507812
276 273.210144
277 273.893707
278 274.634186
279 275.370087
280 276.111664
281 276.990692
282 277.691010
283 278.421692
284 279.186005
285 279.976318
286 280.698486
287 281.475952
288 282.300659
289 283.122345
290 283.874451
291 284.710022
292 285.554840
293 286.402985
294 287.261444
295 288.129639
296 289.026825
297 289.980286
298 290.928497
299 291.936920
300 292.862183
301 293.946259
302 295.075745
303 296.083649
304 297.377075
305 298.549286
306 299.763611
307 301.118530
308 302.530090
309 304.021088
310 305.754608
311 307.421021
312 309.408386
313 311.582733
314 313.838470
315 316.407288
316 318.598267
317 320.760101
318 322.599365
319 324.297821
320 325.880432
321 327.373993
322 328.677917
323 329.923553
324 331.206085
325 332.305817
326 333.490326
327 334.576233
328 335.624451
329 336.662323
330 337.686066
331 338.560974
332 339.393188
333 340.279785
334 341.205627
335 342.057373
336 342.895142
337 343.701385
338 344.489899
339 345.229706
340 345.892426
341 346.744720
342 347.510010
343 348.216461
344 348.903320
345 349.620300
346 350.330200
347 351.025360
348 351.685608
349 352.392426
350 353.122559
351 353.771210
352 354.435028
353 355.119232
354 355.867432
355 356.566010
356 357.248901
357 357.923187
358 358.569916
359 359.248840
