0 0.000000
1 0.617292
2 1.251922
3 1.914839
4 2.555121
5 3.182086
6 3.785932
7 4.404809
8 5.037483
9 5.773396
10 6.440786
11 7.077041
12 7.708634
13 8.356606
14 9.018677
15 9.683167
16 10.347118
17 11.012239
18 11.779792
19 12.508404
20 13.211527
21 13.892838
22 14.731536
23 15.512969
24 16.266779
25 17.046568
26 17.908691
27 18.738735
28 19.653669
29 20.655432
30 21.560928
31 22.505720
32 23.543478
33 24.623919
34 25.781509
35 26.898083
36 28.093140
37 29.303188
38 30.703032
39 32.047997
40 33.531105
41 35.092571
42 36.794579
43 38.532055
44 40.448196
45 42.577095
46 44.776207
47 46.833515
48 48.995754
49 50.773548
50 52.511711
51 54.211998
52 55.612564
53 57.163857
54 58.425777
55 59.743011
56 60.989590
57 62.208237
58 63.299351
59 64.433861
60 65.503685
61 66.571289
62 67.677307
63 68.614769
64 69.559723
65 70.547516
66 71.475349
67 72.385193
68 73.296623
69 74.150261
70 74.935913
71 75.834328
72 76.626778
73 77.399841
74 78.197441
75 79.049782
76 79.804108
77 80.553726
78 81.289291
79 82.006607
80 82.734322
81 83.438782
82 84.148056
83 84.935875
84 85.627739
85 86.320869
86 87.023865
87 87.678467
88 88.357330
89 89.056305
90 89.719688
91 90.385376
92 91.053650
93 91.732430
94 92.400047
95 93.062492
96 93.745796
97 94.394310
98 95.028053
99 95.820824
100 96.517509
101 97.195206
102 97.896439
103 98.590584
104 99.272598
105 99.938858
106 100.664497
107 101.451080
108 102.245544
109 102.965340
110 103.720703
111 104.551270
112 105.398399
113 106.214973
114 107.027542
115 107.955025
116 108.796585
117 109.780258
118 110.857941
119 111.820518
120 112.836220
121 113.941475
122 115.063225
123 116.298073
124 117.557747
125 118.795990
126 120.110558
127 121.666130
128 123.133759
129 124.909424
130 126.546555
131 128.637878
132 130.637070
133 132.777298
134 135.090576
135 137.239731
136 139.279510
137 141.092224
138 142.758163
139 144.372284
140 145.850571
141 147.227615
142 148.472305
143 149.808899
144 151.020187
145 152.141418
146 153.235886
147 154.311798
148 155.422760
149 156.469559
150 157.479279
151 158.419189
152 159.328857
153 160.290207
154 161.213470
155 162.077957
156 162.984756
157 163.801483
158 164.586487
159 165.395706
160 166.218521
161 166.978912
162 167.711029
163 168.509018
164 169.300415
165 170.021774
166 170.748901
167 171.446075
168 172.125397
169 172.795776
170 173.472733
171 174.167191
172 174.912292
173 175.581635
174 176.236069
175 176.882156
176 177.536469
177 178.183273
178 178.807632
179 179.457993
180 180.113480
181 180.739761
182 181.366013
183 181.992249
184 182.636414
185 183.277145
186 183.913162
187 184.527649
188 185.167084
189 185.903076
190 186.548233
191 187.177750
192 187.802612
193 188.459641
194 189.124313
195 189.759293
196 190.425095
197 191.122162
198 191.884476
199 192.599014
200 193.299911
201 193.994064
202 194.837708
203 195.573380
204 196.298401
205 197.060272
206 198.024490
207 198.830887
208 199.717300
209 200.711487
210 201.614594
211 202.562241
212 203.610504
213 204.673035
214 205.796509
215 206.916336
216 208.130493
217 209.293777
218 210.658035
219 212.070282
220 213.486389
221 215.064178
222 216.708420
223 218.522644
224 220.384109
225 222.436066
226 224.669128
227 226.806839
228 228.952042
229 230.754761
230 232.573410
231 234.239487
232 235.702286
233 237.198807
234 238.514282
235 239.888870
236 241.103012
237 242.210358
238 243.382248
239 244.543839
240 245.596069
241 246.723480
242 247.768600
243 248.671402
244 249.670624
245 250.687088
246 251.613266
247 252.501419
248 253.379852
249 254.242447
250 255.082092
251 255.964020
252 256.790771
253 257.554932
254 258.347595
255 259.190521
256 259.963715
257 260.695892
258 261.408325
259 262.111603
260 262.834015
261 263.544861
262 264.283936
263 265.067444
264 265.737976
265 266.425415
266 267.121979
267 267.810577
268 268.499298
269 269.186218
270 269.868378
271 270.516785
272 271.164703
273 271.835876
274 272.516235
275 273.191101
276 273.845581
277 274.497437
278 275.180237
279 275.970520
280 276.623260
281 277.298248
282 278.010895
283 278.678589
284 279.365997
285 280.067902
286 280.736328
287 281.505615
288 282.310486
289 283.069153
290 283.804169
291 284.615509
292 285.437012
293 286.240936
294 287.044891
295 287.976654
296 288.857697
297 289.818695
298 290.861115
299 291.758179
300 292.828522
301 293.927979
302 295.105072
303 296.251740
304 297.494263
305 298.768219
306 300.063232
307 301.623505
308 302.981934
309 304.762787
310 306.537018
311 308.496277
312 310.474030
313 312.643311
314 314.880066
315 317.065369
316 319.140015
317 320.848541
318 322.542511
319 324.152802
320 325.561005
321 327.073822
322 328.244171
323 329.568604
324 330.823425
325 331.893677
326 333.027924
327 334.144989
328 335.195862
329 336.252380
330 337.272980
331 338.239288
332 339.093750
333 340.105988
334 341.105255
335 341.931824
336 342.807159
337 343.618835
338 344.407959
339 345.231567
340 346.132019
341 346.860138
342 347.596466
343 348.379211
344 349.185486
345 349.905182
346 350.591064
347 351.279785
348 351.980591
349 352.659943
350 353.333618
351 354.002472
352 354.749420
353 355.448669
354 356.121826
355 356.785889
356 357.427551
357 358.060303
358 358.709900
359 359.356262
