0 0.000000
1 0.618795
2 1.237548
3 1.856233
4 2.483672
5 3.113079
6 3.739385
7 4.380713
8 5.033014
9 5.690353
10 6.373560
11 7.074880
12 7.737535
13 8.394819
14 9.051169
15 9.739760
16 10.442388
17 11.156179
18 11.879555
19 12.659133
20 13.418728
21 14.166280
22 14.957428
23 15.791635
24 16.604464
25 17.430824
26 18.306158
27 19.229595
28 20.140318
29 21.144238
30 22.128132
31 23.129745
32 24.218395
33 25.356087
34 26.528780
35 27.719557
36 28.967676
37 30.271786
38 31.678686
39 33.104477
40 34.696918
41 36.341480
42 38.037518
43 39.959686
44 41.934368
45 44.071011
46 46.154846
47 48.269753
48 50.222511
49 51.983829
50 53.663651
51 55.182484
52 56.653873
53 58.044125
54 59.288334
55 60.564056
56 61.751198
57 62.902416
58 63.994648
59 65.077431
60 66.140038
61 67.160210
62 68.177368
63 69.136261
64 70.040466
65 70.972054
66 71.885452
67 72.729050
68 73.587646
69 74.401001
70 75.168648
71 75.957619
72 76.761131
73 77.514008
74 78.250168
75 78.996269
76 79.754639
77 80.471298
78 81.166183
79 81.855400
80 82.542679
81 83.224060
82 83.894714
83 84.575043
84 85.270035
85 85.986282
86 86.643303
87 87.301170
88 87.961411
89 88.617409
90 89.275421
91 89.936638
92 90.605751
93 91.270126
94 91.926514
95 92.597176
96 93.272041
97 93.950493
98 94.638275
99 95.334579
100 96.042549
101 96.801865
102 97.520653
103 98.231323
104 98.955185
105 99.677147
106 100.410034
107 101.160049
108 101.941833
109 102.776367
110 103.586105
111 104.400780
112 105.256516
113 106.163315
114 107.020805
115 107.938614
116 108.903404
117 109.857727
118 110.933479
119 111.978989
120 113.028351
121 114.189529
122 115.416275
123 116.643433
124 117.942436
125 119.286964
126 120.684608
127 122.214325
128 123.830780
129 125.542938
130 127.389633
131 129.408218
132 131.526962
133 133.792007
134 136.017212
135 138.189316
136 140.179047
137 141.954071
138 143.619476
139 145.152145
140 146.621094
141 148.003326
142 149.278229
143 150.551819
144 151.743958
145 152.859955
146 153.965195
147 155.027679
148 156.094833
149 157.133713
150 158.137619
151 159.066223
152 159.963577
153 160.888000
154 161.754150
155 162.610443
156 163.459595
157 164.273361
158 165.034393
159 165.811249
160 166.594360
161 167.345230
162 168.059814
163 168.777939
164 169.512405
165 170.232056
166 170.909256
167 171.585739
168 172.255524
169 172.914902
170 173.561172
171 174.212082
172 174.877045
173 175.558487
174 176.224457
175 176.855637
176 177.481583
177 178.106125
178 178.731384
179 179.356293
180 179.980942
181 180.601898
182 181.223450
183 181.846298
184 182.472260
185 183.102219
186 183.747986
187 184.390091
188 185.031479
189 185.706223
190 186.391510
191 187.081650
192 187.748245
193 188.415314
194 189.083267
195 189.755280
196 190.447800
197 191.156738
198 191.882629
199 192.664200
200 193.429840
201 194.180237
202 194.944778
203 195.794846
204 196.600235
205 197.419296
206 198.288574
207 199.200089
208 200.121521
209 201.115433
210 202.090195
211 203.083496
212 204.147003
213 205.265869
214 206.424728
215 207.614136
216 208.847610
217 210.122269
218 211.528885
219 212.949707
220 214.478317
221 216.139191
222 217.877869
223 219.783203
224 221.794937
225 223.885971
226 226.099045
227 228.211151
228 230.208023
229 232.063660
230 233.769470
231 235.322021
232 236.824158
233 238.206268
234 239.479935
235 240.816544
236 241.965714
237 243.124878
238 244.255859
239 245.339691
240 246.410690
241 247.452103
242 248.455078
243 249.397919
244 250.311951
245 251.268204
246 252.172363
247 253.015442
248 253.887146
249 254.681198
250 255.480560
251 256.289001
252 257.085266
253 257.822357
254 258.567047
255 259.329224
256 260.099854
257 260.796631
258 261.488953
259 262.177094
260 262.858734
261 263.537659
262 264.220825
263 264.914581
264 265.620514
265 266.312042
266 266.984955
267 267.644897
268 268.302002
269 268.956177
270 269.630280
271 270.297363
272 270.954224
273 271.621643
274 272.286224
275 272.946075
276 273.620483
277 274.300140
278 274.984863
279 275.680206
280 276.407715
281 277.149719
282 277.845551
283 278.557281
284 279.272980
285 279.987732
286 280.719238
287 281.488281
288 282.288452
289 283.100128
290 283.890320
291 284.711426
292 285.575195
293 286.438416
294 287.297546
295 288.200867
296 289.163391
297 290.161011
298 291.184113
299 292.242523
300 293.290771
301 294.444855
302 295.657349
303 296.894684
304 298.183228
305 299.511536
306 300.922852
307 302.434174
308 303.954102
309 305.760590
310 307.565460
311 309.478271
312 311.601990
313 313.767120
314 315.992157
315 318.067108
316 320.047729
317 321.849518
318 323.516266
319 325.042664
320 326.491364
321 327.896423
322 329.161804
323 330.439423
324 331.630157
325 332.763184
326 333.869263
327 334.957092
328 336.030212
329 337.041565
330 338.047882
331 339.005341
332 339.872559
333 340.816315
334 341.729187
335 342.577240
336 343.410706
337 344.230347
338 344.996429
339 345.766937
340 346.547241
341 347.309753
342 348.041840
343 348.767059
344 349.505981
345 350.228241
346 350.905060
347 351.569672
348 352.226746
349 352.873566
350 353.522247
351 354.174683
352 354.836182
353 355.518280
354 356.191437
355 356.828064
356 357.463989
357 358.097809
358 358.721863
359 359.356628
