0.000000 93.323479 18629.331818
1.000000 94.828468 18568.898136
2.000000 96.368538 18526.326376
3.000000 97.897354 18486.327948
4.000000 99.371651 18490.799253
5.000000 100.859665 18492.165287
6.000000 102.369835 18490.247213
7.000000 103.808464 18485.241275
8.000000 105.146339 18477.891655
9.000000 106.588791 18483.303952
10.000000 108.048752 18484.565291
11.000000 109.525154 18481.798884
12.000000 110.926804 18467.138842
13.000000 112.325577 18451.089534
14.000000 113.612129 18447.458633
15.000000 114.977272 18431.829887
16.000000 116.292725 18441.955346
17.000000 117.588402 18429.481300
18.000000 118.922348 18429.615568
19.000000 120.168892 18420.034582
20.000000 121.339783 18422.946263
21.000000 122.549225 18415.536729
22.000000 123.677132 18421.593986
23.000000 124.772652 18422.940536
24.000000 125.946648 18419.791340
25.000000 126.946404 18422.216425
26.000000 127.962814 18423.151576
27.000000 128.930237 18430.114758
28.000000 129.873657 18423.111626
29.000000 130.787811 18426.062249
30.000000 131.678726 18429.873847
31.000000 132.562744 18440.348505
32.000000 133.409348 18442.794799
33.000000 134.176056 18439.715969
34.000000 134.980225 18444.881485
35.000000 135.676208 18453.943752
36.000000 136.370972 18471.381242
37.000000 136.993683 18475.863309
38.000000 137.677521 18482.028054
39.000000 138.261673 18480.473722
40.000000 138.777924 18490.718996
41.000000 139.340561 18489.426303
42.000000 139.848221 18498.337898
43.000000 140.363312 18503.970277
44.000000 140.819763 18500.638502
45.000000 141.280212 18500.041622
46.000000 141.662766 18502.667321
47.000000 142.128281 18508.029177
48.000000 142.590881 18510.219718
49.000000 143.019348 18520.634600
50.000000 143.454010 18503.095660
51.000000 143.956467 18512.925485
52.000000 144.449722 18506.508288
53.000000 144.997574 18503.827847
54.000000 145.484787 18507.827236
55.000000 146.063431 18501.641576
56.000000 146.658615 18503.477079
57.000000 147.335876 18495.005380
58.000000 147.934509 18489.765196
59.000000 148.625961 18489.393500
60.000000 149.377365 18493.020197
61.000000 150.143967 18478.481458
62.000000 150.906525 18470.461851
63.000000 151.767059 18484.013660
64.000000 152.626480 18478.021999
65.000000 153.531982 18485.600477
66.000000 154.436508 18497.791571
67.000000 155.396133 18504.015564
68.000000 156.328613 18506.039582
69.000000 157.315140 18511.011912
70.000000 158.295685 18519.979752
71.000000 159.418625 18532.882264
72.000000 160.479599 18545.975547
73.000000 161.555283 18559.407857
74.000000 162.685028 18556.944387
75.000000 163.811371 18572.414490
76.000000 165.042572 18585.724226
77.000000 166.276901 18593.786328
78.000000 167.437454 18606.453988
79.000000 168.729904 18614.955815
80.000000 170.017319 18627.009046
81.000000 171.242157 18639.322091
82.000000 172.591507 18651.703434
83.000000 173.923767 18648.769718
84.000000 175.291168 18661.988774
85.000000 176.644165 18672.017807
86.000000 177.961060 18662.815891
87.000000 179.196518 18683.837079
88.000000 180.579681 18680.956105
89.000000 181.970596 18670.041376
90.000000 183.357269 18681.060917
91.000000 184.757782 18675.350653
92.000000 186.140991 18677.176018
93.000000 187.525665 18660.737820
94.000000 188.920273 18663.737032
95.000000 190.301544 18643.529843
96.000000 191.698090 18643.227618
97.000000 193.057022 18648.134625
98.000000 194.302444 18636.638565
99.000000 195.680664 18610.632015
100.000000 197.038910 18612.999006
101.000000 198.410583 18595.775461
102.000000 199.772202 18591.034022
103.000000 201.076050 18570.279158
104.000000 202.327072 18560.473108
105.000000 203.601791 18547.492876
106.000000 204.845764 18527.903119
107.000000 206.089310 18527.803540
108.000000 207.346939 18516.366949
109.000000 208.556595 18505.248769
110.000000 209.697601 18487.259451
111.000000 210.844696 18487.930387
112.000000 211.900269 18488.302139
113.000000 212.950424 18477.216376
114.000000 214.057404 18472.450866
115.000000 215.053009 18470.085652
116.000000 215.985870 18472.198705
117.000000 216.949951 18465.618024
118.000000 217.856201 18462.335416
119.000000 218.707779 18464.898862
120.000000 219.563202 18463.595425
121.000000 220.439026 18460.205199
122.000000 221.177170 18464.751637
123.000000 221.898422 18466.273284
124.000000 222.652527 18454.710645
125.000000 223.376450 18468.557930
126.000000 223.999908 18473.857475
127.000000 224.600540 18458.764043
128.000000 225.221436 18478.959522
129.000000 225.780380 18482.657168
130.000000 226.324371 18478.808024
131.000000 226.848740 18477.125561
132.000000 227.347366 18490.094240
133.000000 227.784271 18487.210390
134.000000 228.227570 18499.680673
135.000000 228.697174 18488.307927
136.000000 229.100296 18492.921565
137.000000 229.573486 18489.611272
138.000000 229.998489 18495.419568
139.000000 230.450409 18484.612763
140.000000 230.929749 18487.231080
141.000000 231.377930 18491.445941
142.000000 231.908203 18495.005704
143.000000 232.478470 18482.595326
144.000000 233.021561 18475.033153
145.000000 233.597656 18480.015287
146.000000 234.231812 18463.413146
147.000000 234.929214 18474.106880
148.000000 235.564667 18465.867540
149.000000 236.282379 18457.928513
150.000000 237.022858 18456.581617
151.000000 237.806305 18448.408739
152.000000 238.594574 18444.020305
153.000000 239.431595 18442.024889
154.000000 240.351837 18442.502894
155.000000 241.233734 18431.645315
156.000000 242.214386 18433.407525
157.000000 243.156952 18434.361394
158.000000 244.116959 18447.526067
159.000000 245.147171 18439.694249
160.000000 246.230835 18446.711062
161.000000 247.313019 18454.935735
162.000000 248.432526 18465.884030
163.000000 249.522766 18465.833342
164.000000 250.728119 18466.825634
165.000000 251.913177 18475.948284
166.000000 253.210526 18490.188885
167.000000 254.473404 18491.835739
168.000000 255.688019 18495.010814
169.000000 257.075500 18500.704527
170.000000 258.414368 18502.987110
171.000000 259.735596 18508.207585
172.000000 261.116272 18526.244547
173.000000 262.592316 18529.650455
174.000000 264.001678 18526.433035
175.000000 265.469299 18545.952901
176.000000 266.853577 18546.958915
177.000000 268.190216 18555.255644
178.000000 269.675751 18554.297103
179.000000 271.152191 18549.750537
180.000000 272.623596 18547.441468
181.000000 274.094421 18557.363094
182.000000 275.622681 18545.226475
183.000000 277.110443 18540.588691
184.000000 278.659912 18536.323961
185.000000 280.142273 18535.647062
186.000000 281.641022 18530.146303
187.000000 283.029175 18518.757761
188.000000 284.448181 18520.741508
189.000000 285.901184 18519.643544
190.000000 287.365295 18514.883662
191.000000 288.827698 18498.810259
192.000000 290.237396 18498.990513
193.000000 291.649475 18486.035919
194.000000 292.959564 18475.632411
195.000000 294.354889 18472.930601
196.000000 295.737701 18459.323931
197.000000 296.987366 18444.484162
198.000000 298.376923 18444.260354
199.000000 299.663605 18449.937263
200.000000 300.850800 18443.679676
201.000000 302.086395 18443.239547
202.000000 303.214233 18434.710006
203.000000 304.329346 18444.929601
204.000000 305.508423 18442.806538
205.000000 306.545502 18439.495546
206.000000 307.596252 18443.081982
207.000000 308.597687 18440.383944
208.000000 309.557068 18450.287938
209.000000 310.493500 18448.883435
210.000000 311.430115 18453.818494
211.000000 312.322571 18452.295928
212.000000 313.184235 18455.561465
213.000000 313.992920 18466.117648
214.000000 314.809174 18470.438679
215.000000 315.585541 18474.129398
216.000000 316.294189 18471.512607
217.000000 316.962250 18482.588482
218.000000 317.643768 18487.892795
219.000000 318.262726 18486.867609
220.000000 318.875824 18505.589453
221.000000 319.368469 18501.458997
222.000000 319.963379 18511.466528
223.000000 320.496460 18507.347973
224.000000 320.975342 18516.492810
225.000000 321.509308 18519.009180
226.000000 321.940247 18521.193617
227.000000 322.420471 18522.220628
228.000000 322.930389 18532.312592
229.000000 323.402283 18524.209025
230.000000 323.902802 18523.084462
231.000000 324.393280 18525.702146
232.000000 324.942841 18518.667609
233.000000 325.500549 18515.243720
234.000000 326.046295 18504.162397
235.000000 326.689453 18507.700695
236.000000 327.317230 18505.994299
237.000000 328.023163 18507.247283
238.000000 328.672913 18498.895318
239.000000 329.418579 18503.737352
240.000000 330.231293 18501.518748
241.000000 330.996277 18487.559520
242.000000 331.781311 18488.354308
243.000000 332.676117 18504.638229
244.000000 333.554047 18504.396910
245.000000 334.530273 18505.502236
246.000000 335.451752 18502.401709
247.000000 336.414215 18516.862072
248.000000 337.379883 18532.615385
249.000000 338.375397 18533.411478
250.000000 339.441437 18552.543384
251.000000 340.563904 18551.171526
252.000000 341.595306 18566.683414
253.000000 342.714233 18573.895283
254.000000 343.875122 18593.491872
255.000000 345.028900 18596.226526
256.000000 346.280334 18611.012761
257.000000 347.517639 18594.525700
258.000000 348.729279 18624.173136
259.000000 349.999329 18634.132580
260.000000 351.326660 18660.396700
261.000000 352.579315 18652.219627
262.000000 353.909668 18662.332357
263.000000 355.264130 18676.764522
264.000000 356.650665 18673.897424
265.000000 358.002441 18676.349376
266.000000 359.319336 18687.318695
267.000000 360.610107 18689.059500
268.000000 361.935211 18685.657227
269.000000 363.359436 18686.110912
270.000000 364.738434 18678.840274
271.000000 366.126831 18682.714257
272.000000 367.529144 18675.010174
273.000000 368.942810 18675.013066
274.000000 370.341095 18662.137632
275.000000 371.758026 18657.490721
276.000000 373.132324 18648.702100
277.000000 374.459045 18635.247087
278.000000 375.751007 18625.375486
279.000000 377.122406 18623.428605
280.000000 378.463196 18604.630418
281.000000 379.842255 18592.843838
282.000000 381.150208 18577.418685
283.000000 382.428802 18569.718630
284.000000 383.666870 18556.713529
285.000000 384.972443 18537.008712
286.000000 386.211029 18529.307380
287.000000 387.425781 18517.179510
288.000000 388.681122 18506.691222
289.000000 389.872437 18495.361256
290.000000 390.983948 18492.693584
291.000000 392.109558 18482.153581
292.000000 393.105133 18473.866000
293.000000 394.174347 18473.840559
294.000000 395.232361 18476.545808
295.000000 396.185944 18463.515510
296.000000 397.153503 18465.026212
297.000000 398.047363 18453.296535
298.000000 398.903687 18456.626181
299.000000 399.741974 18456.783685
300.000000 400.588501 18450.044363
301.000000 401.395325 18455.937825
302.000000 402.145050 18455.766362
303.000000 402.819092 18451.174407
304.000000 403.577789 18461.174177
305.000000 404.231659 18455.732226
306.000000 404.822235 18461.939795
307.000000 405.410309 18465.152829
308.000000 405.961212 18462.327589
309.000000 406.533234 18472.707246
310.000000 407.035553 18474.215599
311.000000 407.501160 18471.670255
312.000000 407.965088 18481.643704
313.000000 408.427490 18474.390978
314.000000 408.844421 18477.265599
315.000000 409.257446 18478.192552
316.000000 409.676819 18480.957253
317.000000 410.139648 18485.973169
318.000000 410.589325 18483.971056
319.000000 411.007385 18472.075628
320.000000 411.469055 18470.561361
321.000000 411.965393 18478.017778
322.000000 412.456360 18471.677022
323.000000 413.022156 18468.632786
324.000000 413.591187 18465.397938
325.000000 414.215179 18461.110503
326.000000 414.839844 18454.015769
327.000000 415.502502 18442.007103
328.000000 416.159973 18438.575026
329.000000 416.909485 18448.119687
330.000000 417.685364 18441.051732
331.000000 418.495911 18440.004881
332.000000 419.267548 18437.277131
333.000000 420.150574 18421.917517
334.000000 421.046570 18426.001438
335.000000 421.979828 18421.301800
336.000000 422.931549 18426.358539
337.000000 423.925781 18428.559602
338.000000 424.918518 18430.931013
339.000000 425.935608 18439.629335
340.000000 427.024109 18445.279179
341.000000 428.138062 18451.998970
342.000000 429.246643 18456.562004
343.000000 430.374359 18459.354512
344.000000 431.561127 18473.393678
345.000000 432.756409 18479.601863
346.000000 434.097595 18492.720568
347.000000 435.321533 18500.809523
348.000000 436.560883 18501.622226
349.000000 437.952393 18507.640828
350.000000 439.311951 18521.318123
351.000000 440.601746 18524.653870
352.000000 442.037720 18538.722286
353.000000 443.471527 18549.283598
354.000000 444.885254 18552.874629
355.000000 446.330475 18562.055921
356.000000 447.758118 18559.205290
357.000000 449.102020 18568.280400
358.000000 450.574097 18563.931830
359.000000 452.105347 18564.531451
